709 727
332 674
785 403
547 412
967 365
6 274
35 73
898 350
752 643
469 391
725 856
898 841
413 104
181 614
391 888
838 341
6 866
703 908
841 595
500 924
500 115
592 709
657 667
413 398
190 764
536 417
815 820
876 755
19 407
580 179
340 376
296 130
252 209
754 248
744 131
575 493
280 168
794 416
209 350
261 506
221 786
534 224
269 608
667 287
125 150
171 75
94 262
742 995
488 140
630 69
160 677
667 515
850 77
609 774
717 301
803 568
970 338
29 590
707 527
937 534
616 697
558 702
236 226
378 286
352 623
500 580
901 991
544 58
507 55
265 544
996 559
597 751
700 567
716 82
270 497
486 644
767 924
633 105
397 789
605 991
559 240
948 636
653 824
853 898
909 392
282 923
706 516
566 275
253 437
322 604
818 176
258 799
735 246
25 707
475 593
746 464
587 951
786 650
405 276
739 325
